+0.000000 +0.000000 
+0.000000 +0.000000 
+0.383044 -0.056445 
+0.413767 -0.056445 
+0.396944 -0.056445 
+0.460019 -0.056445 
+0.551681 -0.056445 
+0.586844 -0.056445 
+0.569842 -0.056445 
+0.563546 -0.056445 
+0.534452 -0.056445 
+0.345146 -0.056445 
+0.292279 -0.056445 
+0.524839 -0.056445 
+0.525382 -0.056445 
+0.354442 -0.056445 
+0.334760 -0.056445 
+0.429342 -0.056445 
+0.433508 -0.056445 
+0.460373 -0.056445 
+0.000000 +0.000000 
+0.383044 +0.030005 
+0.413767 +0.030005 
+0.396944 +0.030005 
+0.460019 +0.030005 
+0.551681 +0.030005 
+0.586844 +0.030005 
+0.569842 +0.030005 
+0.563546 +0.030005 
+0.534452 +0.030005 
+0.345146 +0.030005 
+0.292279 +0.030005 
+0.524839 +0.030005 
+0.525382 +0.030005 
+0.354442 +0.030005 
+0.334760 +0.030005 
+0.429342 +0.030005 
+0.433508 +0.030005 
+0.460373 +0.030005 
+0.513656 +0.030005 
+0.000000 +0.000000 
+0.383044 +0.015577 
+0.413767 +0.015577 
+0.396944 +0.015577 
+0.460019 +0.015577 
+0.551681 +0.015577 
+0.586844 +0.015577 
+0.569842 +0.015577 
+0.563546 +0.015577 
+0.534452 +0.015577 
+0.345146 +0.015577 
+0.292279 +0.015577 
+0.524839 +0.015577 
+0.525382 +0.015577 
+0.354442 +0.015577 
+0.334760 +0.015577 
+0.429342 +0.015577 
+0.433508 +0.015577 
+0.460373 +0.015577 
+0.513656 +0.015577 
+0.000000 +0.000000 
+0.383044 -0.043722 
+0.413767 -0.043722 
+0.396944 -0.043722 
+0.460019 -0.043722 
+0.551681 -0.043722 
+0.586844 -0.043722 
+0.569842 -0.043722 
+0.563546 -0.043722 
+0.534452 -0.043722 
+0.345146 -0.043722 
+0.292279 -0.043722 
+0.524839 -0.043722 
+0.525382 -0.043722 
+0.354442 -0.043722 
+0.334760 -0.043722 
+0.429342 -0.043722 
+0.433508 -0.043722 
+0.460373 -0.043722 
+0.513656 -0.043722 
+0.000000 +0.000000 
+0.383044 +0.011492 
+0.413767 +0.011492 
+0.396944 +0.011492 
+0.460019 +0.011492 
+0.551681 +0.011492 
+0.586844 +0.011492 
+0.569842 +0.011492 
+0.563546 +0.011492 
+0.534452 +0.011492 
+0.345146 +0.011492 
+0.292279 +0.011492 
+0.524839 +0.011492 
+0.525382 +0.011492 
+0.354442 +0.011492 
+0.334760 +0.011492 
+0.429342 +0.011492 
+0.433508 +0.011492 
+0.460373 +0.011492 
+0.513656 +0.011492 
+0.000000 +0.000000 
+0.383044 +0.004350 
+0.413767 +0.004350 
+0.396944 +0.004350 
+0.460019 +0.004350 
+0.551681 +0.004350 
+0.586844 +0.004350 
+0.569842 +0.004350 
+0.563546 +0.004350 
+0.534452 +0.004350 
+0.345146 +0.004350 
+0.292279 +0.004350 
+0.524839 +0.004350 
+0.525382 +0.004350 
+0.354442 +0.004350 
+0.334760 +0.004350 
+0.429342 +0.004350 
+0.433508 +0.004350 
+0.460373 +0.004350 
+0.513656 +0.004350 
+0.000000 +0.000000 
+0.383044 -0.015071 
+0.413767 -0.015071 
+0.396944 -0.015071 
+0.460019 -0.015071 
+0.551681 -0.015071 
+0.586844 -0.015071 
+0.569842 -0.015071 
+0.563546 -0.015071 
+0.534452 -0.015071 
+0.345146 -0.015071 
+0.292279 -0.015071 
+0.524839 -0.015071 
+0.525382 -0.015071 
+0.354442 -0.015071 
+0.334760 -0.015071 
+0.429342 -0.015071 
+0.433508 -0.015071 
+0.460373 -0.015071 
+0.513656 -0.015071 
+0.000000 +0.000000 
+0.383044 -0.012466 
+0.413767 -0.012466 
+0.396944 -0.012466 
+0.460019 -0.012466 
+0.551681 -0.012466 
+0.586844 -0.012466 
+0.569842 -0.012466 
+0.563546 -0.012466 
+0.534452 -0.012466 
+0.345146 -0.012466 
+0.292279 -0.012466 
+0.524839 -0.012466 
+0.525382 -0.012466 
+0.354442 -0.012466 
+0.334760 -0.012466 
+0.429342 -0.012466 
+0.433508 -0.012466 
+0.460373 -0.012466 
+0.513656 -0.012466 
+0.000000 +0.000000 
+0.383044 -0.003587 
+0.413767 -0.003587 
+0.396944 -0.003587 
+0.460019 -0.003587 
+0.551681 -0.003587 
+0.586844 -0.003587 
+0.569842 -0.003587 
+0.563546 -0.003587 
+0.534452 -0.003587 
+0.345146 -0.003587 
+0.292279 -0.003587 
+0.524839 -0.003587 
+0.525382 -0.003587 
+0.354442 -0.003587 
+0.334760 -0.003587 
+0.429342 -0.003587 
+0.433508 -0.003587 
+0.460373 -0.003587 
+0.513656 -0.003587 
+0.000000 +0.000000 
+0.383044 -0.023033 
+0.413767 -0.023033 
+0.396944 -0.023033 
+0.460019 -0.023033 
+0.551681 -0.023033 
+0.586844 -0.023033 
+0.569842 -0.023033 
+0.563546 -0.023033 
+0.534452 -0.023033 
+0.345146 -0.023033 
+0.292279 -0.023033 
+0.524839 -0.023033 
+0.525382 -0.023033 
+0.354442 -0.023033 
+0.334760 -0.023033 
+0.429342 -0.023033 
+0.433508 -0.023033 
+0.460373 -0.023033 
+0.513656 -0.023033 
+0.000000 +0.000000 
+0.383044 +0.098023 
+0.413767 +0.098023 
+0.396944 +0.098023 
+0.460019 +0.098023 
+0.551681 +0.098023 
+0.586844 +0.098023 
+0.569842 +0.098023 
+0.563546 +0.098023 
+0.534452 +0.098023 
+0.345146 +0.098023 
+0.292279 +0.098023 
+0.524839 +0.098023 
+0.525382 +0.098023 
+0.354442 +0.098023 
+0.334760 +0.098023 
+0.429342 +0.098023 
+0.433508 +0.098023 
+0.460373 +0.098023 
+0.513656 +0.098023 
+0.000000 +0.000000 
+0.383044 -0.015718 
+0.413767 -0.015718 
+0.396944 -0.015718 
+0.460019 -0.015718 
+0.551681 -0.015718 
+0.586844 -0.015718 
+0.569842 -0.015718 
+0.563546 -0.015718 
+0.534452 -0.015718 
+0.345146 -0.015718 
+0.292279 -0.015718 
+0.524839 -0.015718 
+0.525382 -0.015718 
+0.354442 -0.015718 
+0.334760 -0.015718 
+0.429342 -0.015718 
+0.433508 -0.015718 
+0.460373 -0.015718 
+0.513656 -0.015718 
+0.000000 +0.000000 
+0.383044 +0.006786 
+0.413767 +0.006786 
+0.396944 +0.006786 
+0.460019 +0.006786 
+0.551681 +0.006786 
+0.586844 +0.006786 
+0.569842 +0.006786 
+0.563546 +0.006786 
+0.534452 +0.006786 
+0.345146 +0.006786 
+0.292279 +0.006786 
+0.524839 +0.006786 
+0.525382 +0.006786 
+0.354442 +0.006786 
+0.334760 +0.006786 
+0.429342 +0.006786 
+0.433508 +0.006786 
+0.460373 +0.006786 
+0.513656 +0.006786 
+0.000000 +0.000000 
+0.383044 -0.027780 
+0.413767 -0.027780 
+0.396944 -0.027780 
+0.460019 -0.027780 
+0.551681 -0.027780 
+0.586844 -0.027780 
+0.569842 -0.027780 
+0.563546 -0.027780 
+0.534452 -0.027780 
+0.345146 -0.027780 
+0.292279 -0.027780 
+0.524839 -0.027780 
+0.525382 -0.027780 
+0.354442 -0.027780 
+0.334760 -0.027780 
+0.429342 -0.027780 
+0.433508 -0.027780 
+0.460373 -0.027780 
+0.513656 -0.027780 
+0.000000 +0.000000 
+0.383044 +0.001791 
+0.413767 +0.001791 
+0.396944 +0.001791 
+0.460019 +0.001791 
+0.551681 +0.001791 
+0.586844 +0.001791 
+0.569842 +0.001791 
+0.563546 +0.001791 
+0.534452 +0.001791 
+0.345146 +0.001791 
+0.292279 +0.001791 
+0.524839 +0.001791 
+0.525382 +0.001791 
+0.354442 +0.001791 
+0.334760 +0.001791 
+0.429342 +0.001791 
+0.433508 +0.001791 
+0.460373 +0.001791 
+0.513656 +0.001791 
+0.000000 +0.000000 
+0.383044 +0.023281 
+0.413767 +0.023281 
+0.396944 +0.023281 
+0.460019 +0.023281 
+0.551681 +0.023281 
+0.586844 +0.023281 
+0.569842 +0.023281 
+0.563546 +0.023281 
+0.534452 +0.023281 
+0.345146 +0.023281 
+0.292279 +0.023281 
+0.524839 +0.023281 
+0.525382 +0.023281 
+0.354442 +0.023281 
+0.334760 +0.023281 
+0.429342 +0.023281 
+0.433508 +0.023281 
+0.460373 +0.023281 
+0.513656 +0.023281 
+0.000000 +0.000000 
+0.383044 -0.015824 
+0.413767 -0.015824 
+0.396944 -0.015824 
+0.460019 -0.015824 
+0.551681 -0.015824 
+0.586844 -0.015824 
+0.569842 -0.015824 
+0.563546 -0.015824 
+0.534452 -0.015824 
+0.345146 -0.015824 
+0.292279 -0.015824 
+0.524839 -0.015824 
+0.525382 -0.015824 
+0.354442 -0.015824 
+0.334760 -0.015824 
+0.429342 -0.015824 
+0.433508 -0.015824 
+0.460373 -0.015824 
+0.513656 -0.015824 
+0.000000 +0.000000 
+0.383044 +0.041681 
+0.413767 +0.041681 
+0.396944 +0.041681 
+0.460019 +0.041681 
+0.551681 +0.041681 
+0.586844 +0.041681 
+0.569842 +0.041681 
+0.563546 +0.041681 
+0.534452 +0.041681 
+0.345146 +0.041681 
+0.292279 +0.041681 
+0.524839 +0.041681 
+0.525382 +0.041681 
+0.354442 +0.041681 
+0.334760 +0.041681 
+0.429342 +0.041681 
+0.433508 +0.041681 
+0.460373 +0.041681 
+0.513656 +0.041681 
+0.000000 +0.000000 
+0.383044 +0.003642 
+0.413767 +0.003642 
+0.396944 +0.003642 
+0.460019 +0.003642 
+0.551681 +0.003642 
+0.586844 +0.003642 
+0.569842 +0.003642 
+0.563546 +0.003642 
+0.534452 +0.003642 
+0.345146 +0.003642 
+0.292279 +0.003642 
+0.524839 +0.003642 
+0.525382 +0.003642 
+0.354442 +0.003642 
+0.334760 +0.003642 
+0.429342 +0.003642 
+0.433508 +0.003642 
+0.460373 +0.003642 
+0.513656 +0.003642 
+0.000000 +0.000000 
+0.383044 -0.008858 
+0.413767 -0.008858 
+0.396944 -0.008858 
+0.460019 -0.008858 
+0.551681 -0.008858 
+0.586844 -0.008858 
+0.569842 -0.008858 
+0.563546 -0.008858 
+0.534452 -0.008858 
+0.345146 -0.008858 
+0.292279 -0.008858 
+0.524839 -0.008858 
+0.525382 -0.008858 
+0.354442 -0.008858 
+0.334760 -0.008858 
+0.429342 -0.008858 
+0.433508 -0.008858 
+0.460373 -0.008858 
+0.513656 -0.008858 
