+0.000000 +0.000000 
+0.000000 +0.000000 
-6.570086 +22.646396 
-0.404990 +22.646396 
-7.946956 +22.646396 
-8.759623 +22.646396 
-21.924628 +22.646396 
-17.217979 +22.646396 
-18.395050 +22.646396 
-36.693490 +22.646396 
+43.561372 +22.646396 
+70.809135 +22.646396 
+23.513825 +22.646396 
+44.883146 +22.646396 
+67.294698 +22.646396 
+72.328475 +22.646396 
+29.743125 +22.646396 
+22.237828 +22.646396 
+93.397714 +22.646396 
+98.383800 +22.646396 
-4.393764 +22.646396 
-14.438209 +22.646396 
+133.598364 +22.646396 
+209.365643 +22.646396 
+96.592943 +22.646396 
-23.068140 +22.646396 
-197.910756 +22.646396 
-155.102891 +22.646396 
+6.259688 +22.646396 
+8.859829 +22.646396 
-31.555075 +22.646396 
-145.634773 +22.646396 
+23.759883 +22.646396 
+155.839710 +22.646396 
+35.673581 +22.646396 
-4.064720 +22.646396 
-116.291482 +22.646396 
-61.761861 +22.646396 
+46.355767 +22.646396 
-27.493278 +22.646396 
+0.000000 +0.000000 
-6.570086 -6.387463 
-0.404990 -6.387463 
-7.946956 -6.387463 
-8.759623 -6.387463 
-21.924628 -6.387463 
-17.217979 -6.387463 
-18.395050 -6.387463 
-36.693490 -6.387463 
+43.561372 -6.387463 
+70.809135 -6.387463 
+23.513825 -6.387463 
+44.883146 -6.387463 
+67.294698 -6.387463 
+72.328475 -6.387463 
+29.743125 -6.387463 
+22.237828 -6.387463 
+93.397714 -6.387463 
+98.383800 -6.387463 
-4.393764 -6.387463 
-14.438209 -6.387463 
+133.598364 -6.387463 
+209.365643 -6.387463 
+96.592943 -6.387463 
-23.068140 -6.387463 
-197.910756 -6.387463 
-155.102891 -6.387463 
+6.259688 -6.387463 
+8.859829 -6.387463 
-31.555075 -6.387463 
-145.634773 -6.387463 
+23.759883 -6.387463 
+155.839710 -6.387463 
+35.673581 -6.387463 
-4.064720 -6.387463 
-116.291482 -6.387463 
-61.761861 -6.387463 
+46.355767 -6.387463 
-27.493278 -6.387463 
-27.149922 -6.387463 
+0.000000 +0.000000 
-6.570086 -35.615679 
-0.404990 -35.615679 
-7.946956 -35.615679 
-8.759623 -35.615679 
-21.924628 -35.615679 
-17.217979 -35.615679 
-18.395050 -35.615679 
-36.693490 -35.615679 
+43.561372 -35.615679 
+70.809135 -35.615679 
+23.513825 -35.615679 
+44.883146 -35.615679 
+67.294698 -35.615679 
+72.328475 -35.615679 
+29.743125 -35.615679 
+22.237828 -35.615679 
+93.397714 -35.615679 
+98.383800 -35.615679 
-4.393764 -35.615679 
-14.438209 -35.615679 
+133.598364 -35.615679 
+209.365643 -35.615679 
+96.592943 -35.615679 
-23.068140 -35.615679 
-197.910756 -35.615679 
-155.102891 -35.615679 
+6.259688 -35.615679 
+8.859829 -35.615679 
-31.555075 -35.615679 
-145.634773 -35.615679 
+23.759883 -35.615679 
+155.839710 -35.615679 
+35.673581 -35.615679 
-4.064720 -35.615679 
-116.291482 -35.615679 
-61.761861 -35.615679 
+46.355767 -35.615679 
-27.493278 -35.615679 
-27.149922 -35.615679 
+0.000000 +0.000000 
-6.570086 -1.200459 
-0.404990 -1.200459 
-7.946956 -1.200459 
-8.759623 -1.200459 
-21.924628 -1.200459 
-17.217979 -1.200459 
-18.395050 -1.200459 
-36.693490 -1.200459 
+43.561372 -1.200459 
+70.809135 -1.200459 
+23.513825 -1.200459 
+44.883146 -1.200459 
+67.294698 -1.200459 
+72.328475 -1.200459 
+29.743125 -1.200459 
+22.237828 -1.200459 
+93.397714 -1.200459 
+98.383800 -1.200459 
-4.393764 -1.200459 
-14.438209 -1.200459 
+133.598364 -1.200459 
+209.365643 -1.200459 
+96.592943 -1.200459 
-23.068140 -1.200459 
-197.910756 -1.200459 
-155.102891 -1.200459 
+6.259688 -1.200459 
+8.859829 -1.200459 
-31.555075 -1.200459 
-145.634773 -1.200459 
+23.759883 -1.200459 
+155.839710 -1.200459 
+35.673581 -1.200459 
-4.064720 -1.200459 
-116.291482 -1.200459 
-61.761861 -1.200459 
+46.355767 -1.200459 
-27.493278 -1.200459 
-27.149922 -1.200459 
+0.000000 +0.000000 
-6.570086 +7.138594 
-0.404990 +7.138594 
-7.946956 +7.138594 
-8.759623 +7.138594 
-21.924628 +7.138594 
-17.217979 +7.138594 
-18.395050 +7.138594 
-36.693490 +7.138594 
+43.561372 +7.138594 
+70.809135 +7.138594 
+23.513825 +7.138594 
+44.883146 +7.138594 
+67.294698 +7.138594 
+72.328475 +7.138594 
+29.743125 +7.138594 
+22.237828 +7.138594 
+93.397714 +7.138594 
+98.383800 +7.138594 
-4.393764 +7.138594 
-14.438209 +7.138594 
+133.598364 +7.138594 
+209.365643 +7.138594 
+96.592943 +7.138594 
-23.068140 +7.138594 
-197.910756 +7.138594 
-155.102891 +7.138594 
+6.259688 +7.138594 
+8.859829 +7.138594 
-31.555075 +7.138594 
-145.634773 +7.138594 
+23.759883 +7.138594 
+155.839710 +7.138594 
+35.673581 +7.138594 
-4.064720 +7.138594 
-116.291482 +7.138594 
-61.761861 +7.138594 
+46.355767 +7.138594 
-27.493278 +7.138594 
-27.149922 +7.138594 
+0.000000 +0.000000 
-6.570086 -22.689543 
-0.404990 -22.689543 
-7.946956 -22.689543 
-8.759623 -22.689543 
-21.924628 -22.689543 
-17.217979 -22.689543 
-18.395050 -22.689543 
-36.693490 -22.689543 
+43.561372 -22.689543 
+70.809135 -22.689543 
+23.513825 -22.689543 
+44.883146 -22.689543 
+67.294698 -22.689543 
+72.328475 -22.689543 
+29.743125 -22.689543 
+22.237828 -22.689543 
+93.397714 -22.689543 
+98.383800 -22.689543 
-4.393764 -22.689543 
-14.438209 -22.689543 
+133.598364 -22.689543 
+209.365643 -22.689543 
+96.592943 -22.689543 
-23.068140 -22.689543 
-197.910756 -22.689543 
-155.102891 -22.689543 
+6.259688 -22.689543 
+8.859829 -22.689543 
-31.555075 -22.689543 
-145.634773 -22.689543 
+23.759883 -22.689543 
+155.839710 -22.689543 
+35.673581 -22.689543 
-4.064720 -22.689543 
-116.291482 -22.689543 
-61.761861 -22.689543 
+46.355767 -22.689543 
-27.493278 -22.689543 
-27.149922 -22.689543 
+0.000000 +0.000000 
-6.570086 -9.312811 
-0.404990 -9.312811 
-7.946956 -9.312811 
-8.759623 -9.312811 
-21.924628 -9.312811 
-17.217979 -9.312811 
-18.395050 -9.312811 
-36.693490 -9.312811 
+43.561372 -9.312811 
+70.809135 -9.312811 
+23.513825 -9.312811 
+44.883146 -9.312811 
+67.294698 -9.312811 
+72.328475 -9.312811 
+29.743125 -9.312811 
+22.237828 -9.312811 
+93.397714 -9.312811 
+98.383800 -9.312811 
-4.393764 -9.312811 
-14.438209 -9.312811 
+133.598364 -9.312811 
+209.365643 -9.312811 
+96.592943 -9.312811 
-23.068140 -9.312811 
-197.910756 -9.312811 
-155.102891 -9.312811 
+6.259688 -9.312811 
+8.859829 -9.312811 
-31.555075 -9.312811 
-145.634773 -9.312811 
+23.759883 -9.312811 
+155.839710 -9.312811 
+35.673581 -9.312811 
-4.064720 -9.312811 
-116.291482 -9.312811 
-61.761861 -9.312811 
+46.355767 -9.312811 
-27.493278 -9.312811 
-27.149922 -9.312811 
+0.000000 +0.000000 
-6.570086 +14.034790 
-0.404990 +14.034790 
-7.946956 +14.034790 
-8.759623 +14.034790 
-21.924628 +14.034790 
-17.217979 +14.034790 
-18.395050 +14.034790 
-36.693490 +14.034790 
+43.561372 +14.034790 
+70.809135 +14.034790 
+23.513825 +14.034790 
+44.883146 +14.034790 
+67.294698 +14.034790 
+72.328475 +14.034790 
+29.743125 +14.034790 
+22.237828 +14.034790 
+93.397714 +14.034790 
+98.383800 +14.034790 
-4.393764 +14.034790 
-14.438209 +14.034790 
+133.598364 +14.034790 
+209.365643 +14.034790 
+96.592943 +14.034790 
-23.068140 +14.034790 
-197.910756 +14.034790 
-155.102891 +14.034790 
+6.259688 +14.034790 
+8.859829 +14.034790 
-31.555075 +14.034790 
-145.634773 +14.034790 
+23.759883 +14.034790 
+155.839710 +14.034790 
+35.673581 +14.034790 
-4.064720 +14.034790 
-116.291482 +14.034790 
-61.761861 +14.034790 
+46.355767 +14.034790 
-27.493278 +14.034790 
-27.149922 +14.034790 
+0.000000 +0.000000 
-6.570086 +13.302001 
-0.404990 +13.302001 
-7.946956 +13.302001 
-8.759623 +13.302001 
-21.924628 +13.302001 
-17.217979 +13.302001 
-18.395050 +13.302001 
-36.693490 +13.302001 
+43.561372 +13.302001 
+70.809135 +13.302001 
+23.513825 +13.302001 
+44.883146 +13.302001 
+67.294698 +13.302001 
+72.328475 +13.302001 
+29.743125 +13.302001 
+22.237828 +13.302001 
+93.397714 +13.302001 
+98.383800 +13.302001 
-4.393764 +13.302001 
-14.438209 +13.302001 
+133.598364 +13.302001 
+209.365643 +13.302001 
+96.592943 +13.302001 
-23.068140 +13.302001 
-197.910756 +13.302001 
-155.102891 +13.302001 
+6.259688 +13.302001 
+8.859829 +13.302001 
-31.555075 +13.302001 
-145.634773 +13.302001 
+23.759883 +13.302001 
+155.839710 +13.302001 
+35.673581 +13.302001 
-4.064720 +13.302001 
-116.291482 +13.302001 
-61.761861 +13.302001 
+46.355767 +13.302001 
-27.493278 +13.302001 
-27.149922 +13.302001 
+0.000000 +0.000000 
-6.570086 +1.278963 
-0.404990 +1.278963 
-7.946956 +1.278963 
-8.759623 +1.278963 
-21.924628 +1.278963 
-17.217979 +1.278963 
-18.395050 +1.278963 
-36.693490 +1.278963 
+43.561372 +1.278963 
+70.809135 +1.278963 
+23.513825 +1.278963 
+44.883146 +1.278963 
+67.294698 +1.278963 
+72.328475 +1.278963 
+29.743125 +1.278963 
+22.237828 +1.278963 
+93.397714 +1.278963 
+98.383800 +1.278963 
-4.393764 +1.278963 
-14.438209 +1.278963 
+133.598364 +1.278963 
+209.365643 +1.278963 
+96.592943 +1.278963 
-23.068140 +1.278963 
-197.910756 +1.278963 
-155.102891 +1.278963 
+6.259688 +1.278963 
+8.859829 +1.278963 
-31.555075 +1.278963 
-145.634773 +1.278963 
+23.759883 +1.278963 
+155.839710 +1.278963 
+35.673581 +1.278963 
-4.064720 +1.278963 
-116.291482 +1.278963 
-61.761861 +1.278963 
+46.355767 +1.278963 
-27.493278 +1.278963 
-27.149922 +1.278963 
+0.000000 +0.000000 
-6.570086 +5.294405 
-0.404990 +5.294405 
-7.946956 +5.294405 
-8.759623 +5.294405 
-21.924628 +5.294405 
-17.217979 +5.294405 
-18.395050 +5.294405 
-36.693490 +5.294405 
+43.561372 +5.294405 
+70.809135 +5.294405 
+23.513825 +5.294405 
+44.883146 +5.294405 
+67.294698 +5.294405 
+72.328475 +5.294405 
+29.743125 +5.294405 
+22.237828 +5.294405 
+93.397714 +5.294405 
+98.383800 +5.294405 
-4.393764 +5.294405 
-14.438209 +5.294405 
+133.598364 +5.294405 
+209.365643 +5.294405 
+96.592943 +5.294405 
-23.068140 +5.294405 
-197.910756 +5.294405 
-155.102891 +5.294405 
+6.259688 +5.294405 
+8.859829 +5.294405 
-31.555075 +5.294405 
-145.634773 +5.294405 
+23.759883 +5.294405 
+155.839710 +5.294405 
+35.673581 +5.294405 
-4.064720 +5.294405 
-116.291482 +5.294405 
-61.761861 +5.294405 
+46.355767 +5.294405 
-27.493278 +5.294405 
-27.149922 +5.294405 
+0.000000 +0.000000 
-6.570086 +31.009846 
-0.404990 +31.009846 
-7.946956 +31.009846 
-8.759623 +31.009846 
-21.924628 +31.009846 
-17.217979 +31.009846 
-18.395050 +31.009846 
-36.693490 +31.009846 
+43.561372 +31.009846 
+70.809135 +31.009846 
+23.513825 +31.009846 
+44.883146 +31.009846 
+67.294698 +31.009846 
+72.328475 +31.009846 
+29.743125 +31.009846 
+22.237828 +31.009846 
+93.397714 +31.009846 
+98.383800 +31.009846 
-4.393764 +31.009846 
-14.438209 +31.009846 
+133.598364 +31.009846 
+209.365643 +31.009846 
+96.592943 +31.009846 
-23.068140 +31.009846 
-197.910756 +31.009846 
-155.102891 +31.009846 
+6.259688 +31.009846 
+8.859829 +31.009846 
-31.555075 +31.009846 
-145.634773 +31.009846 
+23.759883 +31.009846 
+155.839710 +31.009846 
+35.673581 +31.009846 
-4.064720 +31.009846 
-116.291482 +31.009846 
-61.761861 +31.009846 
+46.355767 +31.009846 
-27.493278 +31.009846 
-27.149922 +31.009846 
+0.000000 +0.000000 
-6.570086 +5.730100 
-0.404990 +5.730100 
-7.946956 +5.730100 
-8.759623 +5.730100 
-21.924628 +5.730100 
-17.217979 +5.730100 
-18.395050 +5.730100 
-36.693490 +5.730100 
+43.561372 +5.730100 
+70.809135 +5.730100 
+23.513825 +5.730100 
+44.883146 +5.730100 
+67.294698 +5.730100 
+72.328475 +5.730100 
+29.743125 +5.730100 
+22.237828 +5.730100 
+93.397714 +5.730100 
+98.383800 +5.730100 
-4.393764 +5.730100 
-14.438209 +5.730100 
+133.598364 +5.730100 
+209.365643 +5.730100 
+96.592943 +5.730100 
-23.068140 +5.730100 
-197.910756 +5.730100 
-155.102891 +5.730100 
+6.259688 +5.730100 
+8.859829 +5.730100 
-31.555075 +5.730100 
-145.634773 +5.730100 
+23.759883 +5.730100 
+155.839710 +5.730100 
+35.673581 +5.730100 
-4.064720 +5.730100 
-116.291482 +5.730100 
-61.761861 +5.730100 
+46.355767 +5.730100 
-27.493278 +5.730100 
-27.149922 +5.730100 
+0.000000 +0.000000 
-6.570086 -9.474021 
-0.404990 -9.474021 
-7.946956 -9.474021 
-8.759623 -9.474021 
-21.924628 -9.474021 
-17.217979 -9.474021 
-18.395050 -9.474021 
-36.693490 -9.474021 
+43.561372 -9.474021 
+70.809135 -9.474021 
+23.513825 -9.474021 
+44.883146 -9.474021 
+67.294698 -9.474021 
+72.328475 -9.474021 
+29.743125 -9.474021 
+22.237828 -9.474021 
+93.397714 -9.474021 
+98.383800 -9.474021 
-4.393764 -9.474021 
-14.438209 -9.474021 
+133.598364 -9.474021 
+209.365643 -9.474021 
+96.592943 -9.474021 
-23.068140 -9.474021 
-197.910756 -9.474021 
-155.102891 -9.474021 
+6.259688 -9.474021 
+8.859829 -9.474021 
-31.555075 -9.474021 
-145.634773 -9.474021 
+23.759883 -9.474021 
+155.839710 -9.474021 
+35.673581 -9.474021 
-4.064720 -9.474021 
-116.291482 -9.474021 
-61.761861 -9.474021 
+46.355767 -9.474021 
-27.493278 -9.474021 
-27.149922 -9.474021 
+0.000000 +0.000000 
-6.570086 +2.273749 
-0.404990 +2.273749 
-7.946956 +2.273749 
-8.759623 +2.273749 
-21.924628 +2.273749 
-17.217979 +2.273749 
-18.395050 +2.273749 
-36.693490 +2.273749 
+43.561372 +2.273749 
+70.809135 +2.273749 
+23.513825 +2.273749 
+44.883146 +2.273749 
+67.294698 +2.273749 
+72.328475 +2.273749 
+29.743125 +2.273749 
+22.237828 +2.273749 
+93.397714 +2.273749 
+98.383800 +2.273749 
-4.393764 +2.273749 
-14.438209 +2.273749 
+133.598364 +2.273749 
+209.365643 +2.273749 
+96.592943 +2.273749 
-23.068140 +2.273749 
-197.910756 +2.273749 
-155.102891 +2.273749 
+6.259688 +2.273749 
+8.859829 +2.273749 
-31.555075 +2.273749 
-145.634773 +2.273749 
+23.759883 +2.273749 
+155.839710 +2.273749 
+35.673581 +2.273749 
-4.064720 +2.273749 
-116.291482 +2.273749 
-61.761861 +2.273749 
+46.355767 +2.273749 
-27.493278 +2.273749 
-27.149922 +2.273749 
+0.000000 +0.000000 
-6.570086 -6.909489 
-0.404990 -6.909489 
-7.946956 -6.909489 
-8.759623 -6.909489 
-21.924628 -6.909489 
-17.217979 -6.909489 
-18.395050 -6.909489 
-36.693490 -6.909489 
+43.561372 -6.909489 
+70.809135 -6.909489 
+23.513825 -6.909489 
+44.883146 -6.909489 
+67.294698 -6.909489 
+72.328475 -6.909489 
+29.743125 -6.909489 
+22.237828 -6.909489 
+93.397714 -6.909489 
+98.383800 -6.909489 
-4.393764 -6.909489 
-14.438209 -6.909489 
+133.598364 -6.909489 
+209.365643 -6.909489 
+96.592943 -6.909489 
-23.068140 -6.909489 
-197.910756 -6.909489 
-155.102891 -6.909489 
+6.259688 -6.909489 
+8.859829 -6.909489 
-31.555075 -6.909489 
-145.634773 -6.909489 
+23.759883 -6.909489 
+155.839710 -6.909489 
+35.673581 -6.909489 
-4.064720 -6.909489 
-116.291482 -6.909489 
-61.761861 -6.909489 
+46.355767 -6.909489 
-27.493278 -6.909489 
-27.149922 -6.909489 
+0.000000 +0.000000 
-6.570086 +49.300902 
-0.404990 +49.300902 
-7.946956 +49.300902 
-8.759623 +49.300902 
-21.924628 +49.300902 
-17.217979 +49.300902 
-18.395050 +49.300902 
-36.693490 +49.300902 
+43.561372 +49.300902 
+70.809135 +49.300902 
+23.513825 +49.300902 
+44.883146 +49.300902 
+67.294698 +49.300902 
+72.328475 +49.300902 
+29.743125 +49.300902 
+22.237828 +49.300902 
+93.397714 +49.300902 
+98.383800 +49.300902 
-4.393764 +49.300902 
-14.438209 +49.300902 
+133.598364 +49.300902 
+209.365643 +49.300902 
+96.592943 +49.300902 
-23.068140 +49.300902 
-197.910756 +49.300902 
-155.102891 +49.300902 
+6.259688 +49.300902 
+8.859829 +49.300902 
-31.555075 +49.300902 
-145.634773 +49.300902 
+23.759883 +49.300902 
+155.839710 +49.300902 
+35.673581 +49.300902 
-4.064720 +49.300902 
-116.291482 +49.300902 
-61.761861 +49.300902 
+46.355767 +49.300902 
-27.493278 +49.300902 
-27.149922 +49.300902 
+0.000000 +0.000000 
-6.570086 +3.949960 
-0.404990 +3.949960 
-7.946956 +3.949960 
-8.759623 +3.949960 
-21.924628 +3.949960 
-17.217979 +3.949960 
-18.395050 +3.949960 
-36.693490 +3.949960 
+43.561372 +3.949960 
+70.809135 +3.949960 
+23.513825 +3.949960 
+44.883146 +3.949960 
+67.294698 +3.949960 
+72.328475 +3.949960 
+29.743125 +3.949960 
+22.237828 +3.949960 
+93.397714 +3.949960 
+98.383800 +3.949960 
-4.393764 +3.949960 
-14.438209 +3.949960 
+133.598364 +3.949960 
+209.365643 +3.949960 
+96.592943 +3.949960 
-23.068140 +3.949960 
-197.910756 +3.949960 
-155.102891 +3.949960 
+6.259688 +3.949960 
+8.859829 +3.949960 
-31.555075 +3.949960 
-145.634773 +3.949960 
+23.759883 +3.949960 
+155.839710 +3.949960 
+35.673581 +3.949960 
-4.064720 +3.949960 
-116.291482 +3.949960 
-61.761861 +3.949960 
+46.355767 +3.949960 
-27.493278 +3.949960 
-27.149922 +3.949960 
+0.000000 +0.000000 
-6.570086 -26.603111 
-0.404990 -26.603111 
-7.946956 -26.603111 
-8.759623 -26.603111 
-21.924628 -26.603111 
-17.217979 -26.603111 
-18.395050 -26.603111 
-36.693490 -26.603111 
+43.561372 -26.603111 
+70.809135 -26.603111 
+23.513825 -26.603111 
+44.883146 -26.603111 
+67.294698 -26.603111 
+72.328475 -26.603111 
+29.743125 -26.603111 
+22.237828 -26.603111 
+93.397714 -26.603111 
+98.383800 -26.603111 
-4.393764 -26.603111 
-14.438209 -26.603111 
+133.598364 -26.603111 
+209.365643 -26.603111 
+96.592943 -26.603111 
-23.068140 -26.603111 
-197.910756 -26.603111 
-155.102891 -26.603111 
+6.259688 -26.603111 
+8.859829 -26.603111 
-31.555075 -26.603111 
-145.634773 -26.603111 
+23.759883 -26.603111 
+155.839710 -26.603111 
+35.673581 -26.603111 
-4.064720 -26.603111 
-116.291482 -26.603111 
-61.761861 -26.603111 
+46.355767 -26.603111 
-27.493278 -26.603111 
-27.149922 -26.603111 
+0.000000 +0.000000 
-6.570086 +2.002927 
-0.404990 +2.002927 
-7.946956 +2.002927 
-8.759623 +2.002927 
-21.924628 +2.002927 
-17.217979 +2.002927 
-18.395050 +2.002927 
-36.693490 +2.002927 
+43.561372 +2.002927 
+70.809135 +2.002927 
+23.513825 +2.002927 
+44.883146 +2.002927 
+67.294698 +2.002927 
+72.328475 +2.002927 
+29.743125 +2.002927 
+22.237828 +2.002927 
+93.397714 +2.002927 
+98.383800 +2.002927 
-4.393764 +2.002927 
-14.438209 +2.002927 
+133.598364 +2.002927 
+209.365643 +2.002927 
+96.592943 +2.002927 
-23.068140 +2.002927 
-197.910756 +2.002927 
-155.102891 +2.002927 
+6.259688 +2.002927 
+8.859829 +2.002927 
-31.555075 +2.002927 
-145.634773 +2.002927 
+23.759883 +2.002927 
+155.839710 +2.002927 
+35.673581 +2.002927 
-4.064720 +2.002927 
-116.291482 +2.002927 
-61.761861 +2.002927 
+46.355767 +2.002927 
-27.493278 +2.002927 
-27.149922 +2.002927 
+0.000000 +0.000000 
-6.570086 -73.154419 
-0.404990 -73.154419 
-7.946956 -73.154419 
-8.759623 -73.154419 
-21.924628 -73.154419 
-17.217979 -73.154419 
-18.395050 -73.154419 
-36.693490 -73.154419 
+43.561372 -73.154419 
+70.809135 -73.154419 
+23.513825 -73.154419 
+44.883146 -73.154419 
+67.294698 -73.154419 
+72.328475 -73.154419 
+29.743125 -73.154419 
+22.237828 -73.154419 
+93.397714 -73.154419 
+98.383800 -73.154419 
-4.393764 -73.154419 
-14.438209 -73.154419 
+133.598364 -73.154419 
+209.365643 -73.154419 
+96.592943 -73.154419 
-23.068140 -73.154419 
-197.910756 -73.154419 
-155.102891 -73.154419 
+6.259688 -73.154419 
+8.859829 -73.154419 
-31.555075 -73.154419 
-145.634773 -73.154419 
+23.759883 -73.154419 
+155.839710 -73.154419 
+35.673581 -73.154419 
-4.064720 -73.154419 
-116.291482 -73.154419 
-61.761861 -73.154419 
+46.355767 -73.154419 
-27.493278 -73.154419 
-27.149922 -73.154419 
+0.000000 +0.000000 
-6.570086 -71.176347 
-0.404990 -71.176347 
-7.946956 -71.176347 
-8.759623 -71.176347 
-21.924628 -71.176347 
-17.217979 -71.176347 
-18.395050 -71.176347 
-36.693490 -71.176347 
+43.561372 -71.176347 
+70.809135 -71.176347 
+23.513825 -71.176347 
+44.883146 -71.176347 
+67.294698 -71.176347 
+72.328475 -71.176347 
+29.743125 -71.176347 
+22.237828 -71.176347 
+93.397714 -71.176347 
+98.383800 -71.176347 
-4.393764 -71.176347 
-14.438209 -71.176347 
+133.598364 -71.176347 
+209.365643 -71.176347 
+96.592943 -71.176347 
-23.068140 -71.176347 
-197.910756 -71.176347 
-155.102891 -71.176347 
+6.259688 -71.176347 
+8.859829 -71.176347 
-31.555075 -71.176347 
-145.634773 -71.176347 
+23.759883 -71.176347 
+155.839710 -71.176347 
+35.673581 -71.176347 
-4.064720 -71.176347 
-116.291482 -71.176347 
-61.761861 -71.176347 
+46.355767 -71.176347 
-27.493278 -71.176347 
-27.149922 -71.176347 
+0.000000 +0.000000 
-6.570086 +79.686793 
-0.404990 +79.686793 
-7.946956 +79.686793 
-8.759623 +79.686793 
-21.924628 +79.686793 
-17.217979 +79.686793 
-18.395050 +79.686793 
-36.693490 +79.686793 
+43.561372 +79.686793 
+70.809135 +79.686793 
+23.513825 +79.686793 
+44.883146 +79.686793 
+67.294698 +79.686793 
+72.328475 +79.686793 
+29.743125 +79.686793 
+22.237828 +79.686793 
+93.397714 +79.686793 
+98.383800 +79.686793 
-4.393764 +79.686793 
-14.438209 +79.686793 
+133.598364 +79.686793 
+209.365643 +79.686793 
+96.592943 +79.686793 
-23.068140 +79.686793 
-197.910756 +79.686793 
-155.102891 +79.686793 
+6.259688 +79.686793 
+8.859829 +79.686793 
-31.555075 +79.686793 
-145.634773 +79.686793 
+23.759883 +79.686793 
+155.839710 +79.686793 
+35.673581 +79.686793 
-4.064720 +79.686793 
-116.291482 +79.686793 
-61.761861 +79.686793 
+46.355767 +79.686793 
-27.493278 +79.686793 
-27.149922 +79.686793 
+0.000000 +0.000000 
-6.570086 +104.658291 
-0.404990 +104.658291 
-7.946956 +104.658291 
-8.759623 +104.658291 
-21.924628 +104.658291 
-17.217979 +104.658291 
-18.395050 +104.658291 
-36.693490 +104.658291 
+43.561372 +104.658291 
+70.809135 +104.658291 
+23.513825 +104.658291 
+44.883146 +104.658291 
+67.294698 +104.658291 
+72.328475 +104.658291 
+29.743125 +104.658291 
+22.237828 +104.658291 
+93.397714 +104.658291 
+98.383800 +104.658291 
-4.393764 +104.658291 
-14.438209 +104.658291 
+133.598364 +104.658291 
+209.365643 +104.658291 
+96.592943 +104.658291 
-23.068140 +104.658291 
-197.910756 +104.658291 
-155.102891 +104.658291 
+6.259688 +104.658291 
+8.859829 +104.658291 
-31.555075 +104.658291 
-145.634773 +104.658291 
+23.759883 +104.658291 
+155.839710 +104.658291 
+35.673581 +104.658291 
-4.064720 +104.658291 
-116.291482 +104.658291 
-61.761861 +104.658291 
+46.355767 +104.658291 
-27.493278 +104.658291 
-27.149922 +104.658291 
+0.000000 +0.000000 
-6.570086 -21.456054 
-0.404990 -21.456054 
-7.946956 -21.456054 
-8.759623 -21.456054 
-21.924628 -21.456054 
-17.217979 -21.456054 
-18.395050 -21.456054 
-36.693490 -21.456054 
+43.561372 -21.456054 
+70.809135 -21.456054 
+23.513825 -21.456054 
+44.883146 -21.456054 
+67.294698 -21.456054 
+72.328475 -21.456054 
+29.743125 -21.456054 
+22.237828 -21.456054 
+93.397714 -21.456054 
+98.383800 -21.456054 
-4.393764 -21.456054 
-14.438209 -21.456054 
+133.598364 -21.456054 
+209.365643 -21.456054 
+96.592943 -21.456054 
-23.068140 -21.456054 
-197.910756 -21.456054 
-155.102891 -21.456054 
+6.259688 -21.456054 
+8.859829 -21.456054 
-31.555075 -21.456054 
-145.634773 -21.456054 
+23.759883 -21.456054 
+155.839710 -21.456054 
+35.673581 -21.456054 
-4.064720 -21.456054 
-116.291482 -21.456054 
-61.761861 -21.456054 
+46.355767 -21.456054 
-27.493278 -21.456054 
-27.149922 -21.456054 
+0.000000 +0.000000 
-6.570086 -109.904593 
-0.404990 -109.904593 
-7.946956 -109.904593 
-8.759623 -109.904593 
-21.924628 -109.904593 
-17.217979 -109.904593 
-18.395050 -109.904593 
-36.693490 -109.904593 
+43.561372 -109.904593 
+70.809135 -109.904593 
+23.513825 -109.904593 
+44.883146 -109.904593 
+67.294698 -109.904593 
+72.328475 -109.904593 
+29.743125 -109.904593 
+22.237828 -109.904593 
+93.397714 -109.904593 
+98.383800 -109.904593 
-4.393764 -109.904593 
-14.438209 -109.904593 
+133.598364 -109.904593 
+209.365643 -109.904593 
+96.592943 -109.904593 
-23.068140 -109.904593 
-197.910756 -109.904593 
-155.102891 -109.904593 
+6.259688 -109.904593 
+8.859829 -109.904593 
-31.555075 -109.904593 
-145.634773 -109.904593 
+23.759883 -109.904593 
+155.839710 -109.904593 
+35.673581 -109.904593 
-4.064720 -109.904593 
-116.291482 -109.904593 
-61.761861 -109.904593 
+46.355767 -109.904593 
-27.493278 -109.904593 
-27.149922 -109.904593 
+0.000000 +0.000000 
-6.570086 -103.111120 
-0.404990 -103.111120 
-7.946956 -103.111120 
-8.759623 -103.111120 
-21.924628 -103.111120 
-17.217979 -103.111120 
-18.395050 -103.111120 
-36.693490 -103.111120 
+43.561372 -103.111120 
+70.809135 -103.111120 
+23.513825 -103.111120 
+44.883146 -103.111120 
+67.294698 -103.111120 
+72.328475 -103.111120 
+29.743125 -103.111120 
+22.237828 -103.111120 
+93.397714 -103.111120 
+98.383800 -103.111120 
-4.393764 -103.111120 
-14.438209 -103.111120 
+133.598364 -103.111120 
+209.365643 -103.111120 
+96.592943 -103.111120 
-23.068140 -103.111120 
-197.910756 -103.111120 
-155.102891 -103.111120 
+6.259688 -103.111120 
+8.859829 -103.111120 
-31.555075 -103.111120 
-145.634773 -103.111120 
+23.759883 -103.111120 
+155.839710 -103.111120 
+35.673581 -103.111120 
-4.064720 -103.111120 
-116.291482 -103.111120 
-61.761861 -103.111120 
+46.355767 -103.111120 
-27.493278 -103.111120 
-27.149922 -103.111120 
+0.000000 +0.000000 
-6.570086 -51.861764 
-0.404990 -51.861764 
-7.946956 -51.861764 
-8.759623 -51.861764 
-21.924628 -51.861764 
-17.217979 -51.861764 
-18.395050 -51.861764 
-36.693490 -51.861764 
+43.561372 -51.861764 
+70.809135 -51.861764 
+23.513825 -51.861764 
+44.883146 -51.861764 
+67.294698 -51.861764 
+72.328475 -51.861764 
+29.743125 -51.861764 
+22.237828 -51.861764 
+93.397714 -51.861764 
+98.383800 -51.861764 
-4.393764 -51.861764 
-14.438209 -51.861764 
+133.598364 -51.861764 
+209.365643 -51.861764 
+96.592943 -51.861764 
-23.068140 -51.861764 
-197.910756 -51.861764 
-155.102891 -51.861764 
+6.259688 -51.861764 
+8.859829 -51.861764 
-31.555075 -51.861764 
-145.634773 -51.861764 
+23.759883 -51.861764 
+155.839710 -51.861764 
+35.673581 -51.861764 
-4.064720 -51.861764 
-116.291482 -51.861764 
-61.761861 -51.861764 
+46.355767 -51.861764 
-27.493278 -51.861764 
-27.149922 -51.861764 
+0.000000 +0.000000 
-6.570086 -45.622421 
-0.404990 -45.622421 
-7.946956 -45.622421 
-8.759623 -45.622421 
-21.924628 -45.622421 
-17.217979 -45.622421 
-18.395050 -45.622421 
-36.693490 -45.622421 
+43.561372 -45.622421 
+70.809135 -45.622421 
+23.513825 -45.622421 
+44.883146 -45.622421 
+67.294698 -45.622421 
+72.328475 -45.622421 
+29.743125 -45.622421 
+22.237828 -45.622421 
+93.397714 -45.622421 
+98.383800 -45.622421 
-4.393764 -45.622421 
-14.438209 -45.622421 
+133.598364 -45.622421 
+209.365643 -45.622421 
+96.592943 -45.622421 
-23.068140 -45.622421 
-197.910756 -45.622421 
-155.102891 -45.622421 
+6.259688 -45.622421 
+8.859829 -45.622421 
-31.555075 -45.622421 
-145.634773 -45.622421 
+23.759883 -45.622421 
+155.839710 -45.622421 
+35.673581 -45.622421 
-4.064720 -45.622421 
-116.291482 -45.622421 
-61.761861 -45.622421 
+46.355767 -45.622421 
-27.493278 -45.622421 
-27.149922 -45.622421 
+0.000000 +0.000000 
-6.570086 -46.800254 
-0.404990 -46.800254 
-7.946956 -46.800254 
-8.759623 -46.800254 
-21.924628 -46.800254 
-17.217979 -46.800254 
-18.395050 -46.800254 
-36.693490 -46.800254 
+43.561372 -46.800254 
+70.809135 -46.800254 
+23.513825 -46.800254 
+44.883146 -46.800254 
+67.294698 -46.800254 
+72.328475 -46.800254 
+29.743125 -46.800254 
+22.237828 -46.800254 
+93.397714 -46.800254 
+98.383800 -46.800254 
-4.393764 -46.800254 
-14.438209 -46.800254 
+133.598364 -46.800254 
+209.365643 -46.800254 
+96.592943 -46.800254 
-23.068140 -46.800254 
-197.910756 -46.800254 
-155.102891 -46.800254 
+6.259688 -46.800254 
+8.859829 -46.800254 
-31.555075 -46.800254 
-145.634773 -46.800254 
+23.759883 -46.800254 
+155.839710 -46.800254 
+35.673581 -46.800254 
-4.064720 -46.800254 
-116.291482 -46.800254 
-61.761861 -46.800254 
+46.355767 -46.800254 
-27.493278 -46.800254 
-27.149922 -46.800254 
+0.000000 +0.000000 
-6.570086 +45.522133 
-0.404990 +45.522133 
-7.946956 +45.522133 
-8.759623 +45.522133 
-21.924628 +45.522133 
-17.217979 +45.522133 
-18.395050 +45.522133 
-36.693490 +45.522133 
+43.561372 +45.522133 
+70.809135 +45.522133 
+23.513825 +45.522133 
+44.883146 +45.522133 
+67.294698 +45.522133 
+72.328475 +45.522133 
+29.743125 +45.522133 
+22.237828 +45.522133 
+93.397714 +45.522133 
+98.383800 +45.522133 
-4.393764 +45.522133 
-14.438209 +45.522133 
+133.598364 +45.522133 
+209.365643 +45.522133 
+96.592943 +45.522133 
-23.068140 +45.522133 
-197.910756 +45.522133 
-155.102891 +45.522133 
+6.259688 +45.522133 
+8.859829 +45.522133 
-31.555075 +45.522133 
-145.634773 +45.522133 
+23.759883 +45.522133 
+155.839710 +45.522133 
+35.673581 +45.522133 
-4.064720 +45.522133 
-116.291482 +45.522133 
-61.761861 +45.522133 
+46.355767 +45.522133 
-27.493278 +45.522133 
-27.149922 +45.522133 
+0.000000 +0.000000 
-6.570086 +46.307817 
-0.404990 +46.307817 
-7.946956 +46.307817 
-8.759623 +46.307817 
-21.924628 +46.307817 
-17.217979 +46.307817 
-18.395050 +46.307817 
-36.693490 +46.307817 
+43.561372 +46.307817 
+70.809135 +46.307817 
+23.513825 +46.307817 
+44.883146 +46.307817 
+67.294698 +46.307817 
+72.328475 +46.307817 
+29.743125 +46.307817 
+22.237828 +46.307817 
+93.397714 +46.307817 
+98.383800 +46.307817 
-4.393764 +46.307817 
-14.438209 +46.307817 
+133.598364 +46.307817 
+209.365643 +46.307817 
+96.592943 +46.307817 
-23.068140 +46.307817 
-197.910756 +46.307817 
-155.102891 +46.307817 
+6.259688 +46.307817 
+8.859829 +46.307817 
-31.555075 +46.307817 
-145.634773 +46.307817 
+23.759883 +46.307817 
+155.839710 +46.307817 
+35.673581 +46.307817 
-4.064720 +46.307817 
-116.291482 +46.307817 
-61.761861 +46.307817 
+46.355767 +46.307817 
-27.493278 +46.307817 
-27.149922 +46.307817 
+0.000000 +0.000000 
-6.570086 -36.932812 
-0.404990 -36.932812 
-7.946956 -36.932812 
-8.759623 -36.932812 
-21.924628 -36.932812 
-17.217979 -36.932812 
-18.395050 -36.932812 
-36.693490 -36.932812 
+43.561372 -36.932812 
+70.809135 -36.932812 
+23.513825 -36.932812 
+44.883146 -36.932812 
+67.294698 -36.932812 
+72.328475 -36.932812 
+29.743125 -36.932812 
+22.237828 -36.932812 
+93.397714 -36.932812 
+98.383800 -36.932812 
-4.393764 -36.932812 
-14.438209 -36.932812 
+133.598364 -36.932812 
+209.365643 -36.932812 
+96.592943 -36.932812 
-23.068140 -36.932812 
-197.910756 -36.932812 
-155.102891 -36.932812 
+6.259688 -36.932812 
+8.859829 -36.932812 
-31.555075 -36.932812 
-145.634773 -36.932812 
+23.759883 -36.932812 
+155.839710 -36.932812 
+35.673581 -36.932812 
-4.064720 -36.932812 
-116.291482 -36.932812 
-61.761861 -36.932812 
+46.355767 -36.932812 
-27.493278 -36.932812 
-27.149922 -36.932812 
+0.000000 +0.000000 
-6.570086 -40.220541 
-0.404990 -40.220541 
-7.946956 -40.220541 
-8.759623 -40.220541 
-21.924628 -40.220541 
-17.217979 -40.220541 
-18.395050 -40.220541 
-36.693490 -40.220541 
+43.561372 -40.220541 
+70.809135 -40.220541 
+23.513825 -40.220541 
+44.883146 -40.220541 
+67.294698 -40.220541 
+72.328475 -40.220541 
+29.743125 -40.220541 
+22.237828 -40.220541 
+93.397714 -40.220541 
+98.383800 -40.220541 
-4.393764 -40.220541 
-14.438209 -40.220541 
+133.598364 -40.220541 
+209.365643 -40.220541 
+96.592943 -40.220541 
-23.068140 -40.220541 
-197.910756 -40.220541 
-155.102891 -40.220541 
+6.259688 -40.220541 
+8.859829 -40.220541 
-31.555075 -40.220541 
-145.634773 -40.220541 
+23.759883 -40.220541 
+155.839710 -40.220541 
+35.673581 -40.220541 
-4.064720 -40.220541 
-116.291482 -40.220541 
-61.761861 -40.220541 
+46.355767 -40.220541 
-27.493278 -40.220541 
-27.149922 -40.220541 
+0.000000 +0.000000 
-6.570086 -84.122723 
-0.404990 -84.122723 
-7.946956 -84.122723 
-8.759623 -84.122723 
-21.924628 -84.122723 
-17.217979 -84.122723 
-18.395050 -84.122723 
-36.693490 -84.122723 
+43.561372 -84.122723 
+70.809135 -84.122723 
+23.513825 -84.122723 
+44.883146 -84.122723 
+67.294698 -84.122723 
+72.328475 -84.122723 
+29.743125 -84.122723 
+22.237828 -84.122723 
+93.397714 -84.122723 
+98.383800 -84.122723 
-4.393764 -84.122723 
-14.438209 -84.122723 
+133.598364 -84.122723 
+209.365643 -84.122723 
+96.592943 -84.122723 
-23.068140 -84.122723 
-197.910756 -84.122723 
-155.102891 -84.122723 
+6.259688 -84.122723 
+8.859829 -84.122723 
-31.555075 -84.122723 
-145.634773 -84.122723 
+23.759883 -84.122723 
+155.839710 -84.122723 
+35.673581 -84.122723 
-4.064720 -84.122723 
-116.291482 -84.122723 
-61.761861 -84.122723 
+46.355767 -84.122723 
-27.493278 -84.122723 
-27.149922 -84.122723 
+0.000000 +0.000000 
-6.570086 -36.826805 
-0.404990 -36.826805 
-7.946956 -36.826805 
-8.759623 -36.826805 
-21.924628 -36.826805 
-17.217979 -36.826805 
-18.395050 -36.826805 
-36.693490 -36.826805 
+43.561372 -36.826805 
+70.809135 -36.826805 
+23.513825 -36.826805 
+44.883146 -36.826805 
+67.294698 -36.826805 
+72.328475 -36.826805 
+29.743125 -36.826805 
+22.237828 -36.826805 
+93.397714 -36.826805 
+98.383800 -36.826805 
-4.393764 -36.826805 
-14.438209 -36.826805 
+133.598364 -36.826805 
+209.365643 -36.826805 
+96.592943 -36.826805 
-23.068140 -36.826805 
-197.910756 -36.826805 
-155.102891 -36.826805 
+6.259688 -36.826805 
+8.859829 -36.826805 
-31.555075 -36.826805 
-145.634773 -36.826805 
+23.759883 -36.826805 
+155.839710 -36.826805 
+35.673581 -36.826805 
-4.064720 -36.826805 
-116.291482 -36.826805 
-61.761861 -36.826805 
+46.355767 -36.826805 
-27.493278 -36.826805 
-27.149922 -36.826805 
+0.000000 +0.000000 
-6.570086 +10.402215 
-0.404990 +10.402215 
-7.946956 +10.402215 
-8.759623 +10.402215 
-21.924628 +10.402215 
-17.217979 +10.402215 
-18.395050 +10.402215 
-36.693490 +10.402215 
+43.561372 +10.402215 
+70.809135 +10.402215 
+23.513825 +10.402215 
+44.883146 +10.402215 
+67.294698 +10.402215 
+72.328475 +10.402215 
+29.743125 +10.402215 
+22.237828 +10.402215 
+93.397714 +10.402215 
+98.383800 +10.402215 
-4.393764 +10.402215 
-14.438209 +10.402215 
+133.598364 +10.402215 
+209.365643 +10.402215 
+96.592943 +10.402215 
-23.068140 +10.402215 
-197.910756 +10.402215 
-155.102891 +10.402215 
+6.259688 +10.402215 
+8.859829 +10.402215 
-31.555075 +10.402215 
-145.634773 +10.402215 
+23.759883 +10.402215 
+155.839710 +10.402215 
+35.673581 +10.402215 
-4.064720 +10.402215 
-116.291482 +10.402215 
-61.761861 +10.402215 
+46.355767 +10.402215 
-27.493278 +10.402215 
-27.149922 +10.402215 
+0.000000 +0.000000 
-6.570086 +9.778362 
-0.404990 +9.778362 
-7.946956 +9.778362 
-8.759623 +9.778362 
-21.924628 +9.778362 
-17.217979 +9.778362 
-18.395050 +9.778362 
-36.693490 +9.778362 
+43.561372 +9.778362 
+70.809135 +9.778362 
+23.513825 +9.778362 
+44.883146 +9.778362 
+67.294698 +9.778362 
+72.328475 +9.778362 
+29.743125 +9.778362 
+22.237828 +9.778362 
+93.397714 +9.778362 
+98.383800 +9.778362 
-4.393764 +9.778362 
-14.438209 +9.778362 
+133.598364 +9.778362 
+209.365643 +9.778362 
+96.592943 +9.778362 
-23.068140 +9.778362 
-197.910756 +9.778362 
-155.102891 +9.778362 
+6.259688 +9.778362 
+8.859829 +9.778362 
-31.555075 +9.778362 
-145.634773 +9.778362 
+23.759883 +9.778362 
+155.839710 +9.778362 
+35.673581 +9.778362 
-4.064720 +9.778362 
-116.291482 +9.778362 
-61.761861 +9.778362 
+46.355767 +9.778362 
-27.493278 +9.778362 
-27.149922 +9.778362 
+0.000000 +0.000000 
-6.570086 +53.025849 
-0.404990 +53.025849 
-7.946956 +53.025849 
-8.759623 +53.025849 
-21.924628 +53.025849 
-17.217979 +53.025849 
-18.395050 +53.025849 
-36.693490 +53.025849 
+43.561372 +53.025849 
+70.809135 +53.025849 
+23.513825 +53.025849 
+44.883146 +53.025849 
+67.294698 +53.025849 
+72.328475 +53.025849 
+29.743125 +53.025849 
+22.237828 +53.025849 
+93.397714 +53.025849 
+98.383800 +53.025849 
-4.393764 +53.025849 
-14.438209 +53.025849 
+133.598364 +53.025849 
+209.365643 +53.025849 
+96.592943 +53.025849 
-23.068140 +53.025849 
-197.910756 +53.025849 
-155.102891 +53.025849 
+6.259688 +53.025849 
+8.859829 +53.025849 
-31.555075 +53.025849 
-145.634773 +53.025849 
+23.759883 +53.025849 
+155.839710 +53.025849 
+35.673581 +53.025849 
-4.064720 +53.025849 
-116.291482 +53.025849 
-61.761861 +53.025849 
+46.355767 +53.025849 
-27.493278 +53.025849 
-27.149922 +53.025849 
+0.000000 +0.000000 
-6.570086 +59.042751 
-0.404990 +59.042751 
-7.946956 +59.042751 
-8.759623 +59.042751 
-21.924628 +59.042751 
-17.217979 +59.042751 
-18.395050 +59.042751 
-36.693490 +59.042751 
+43.561372 +59.042751 
+70.809135 +59.042751 
+23.513825 +59.042751 
+44.883146 +59.042751 
+67.294698 +59.042751 
+72.328475 +59.042751 
+29.743125 +59.042751 
+22.237828 +59.042751 
+93.397714 +59.042751 
+98.383800 +59.042751 
-4.393764 +59.042751 
-14.438209 +59.042751 
+133.598364 +59.042751 
+209.365643 +59.042751 
+96.592943 +59.042751 
-23.068140 +59.042751 
-197.910756 +59.042751 
-155.102891 +59.042751 
+6.259688 +59.042751 
+8.859829 +59.042751 
-31.555075 +59.042751 
-145.634773 +59.042751 
+23.759883 +59.042751 
+155.839710 +59.042751 
+35.673581 +59.042751 
-4.064720 +59.042751 
-116.291482 +59.042751 
-61.761861 +59.042751 
+46.355767 +59.042751 
-27.493278 +59.042751 
-27.149922 +59.042751 
